100
-218209001
17303276
1598060136
-1264984259
-1549608728
-367197849
1574810785
-1577631126
292583231
-1606305639
1972782993
1853361475
-499773265
-2065718150
-966296433
1758925462
-1639584707
-2058913626
1511131398
713159331
263254984
-1891999001
615595113
25171732
2082114790
-1293868855
-938781174
647304267
451166762
1726633020
911240537
1086059722
285238556
-321059380
-1947202933
688632452
1114262217
1532050919
1510996145
550318331
978862118
1879425928
-1556824999
941227762
15762216
1128879460
-1878993775
-1248122222
1338771321
1378961999
1450286763
-1118454631
1153610795
1278996169
1674326239
437081640
-303941127
-1669777899
1290267219
80039425
-1151394720
-1822115218
1028635321
1510978741
1104289863
-1276426055
1389142318
-1533877093
-439795182
48649295
398231974
-1728445528
1634208393
-1561457831
785491860
1114187453
1975013627
-1583317718
248119318
-1131379740
-391631574
-742050773
-768357136
1205289396
-1453480156
-1201967403
1239610810
-384604680
-1022384145
162364288
-2125715843
-371304912
-238994630
981970318
78482326
1785455116
1713013854
-1034943553
1189412815
-990114455